6
24
19
9
24
29
27
18
15
11
24
148
9
6
4
6
14
2
3
41
5
2
6
3
1
24
20
7
1
20
8
5
4
5
6
36
76
22
19
528
8
13
3
7
14
9
43
42
10
23
10
64
10
21
7
50
19
11
14
2
3
4
2
8
23
1
4
8
1
1
1
2
3
7
5
3
29
168
10
15
13
13
28
43
5
2
1
2
9
2
1
11
2
2
5
5
5
7
1
1
2
4
3
2
3
8
2
17
1
4
3
15
13
7
9
64
4
12
8
15
13
7
19
2
7
13
3
7
14
3
18
5
16
4
3
26
29
163
12
15
2
4
6
14
33
28
20
3
24
19
9
10
14
14
2
10
9
6
1
2
7
10
1
1
4
5
4
1
1
7
12
1
10
1
19
5
4
4
8
1
15
7
4
9
12
1
2
9
10
916
11
7
5
7
6
4
9
6
10
5
2
3
12
4
14
1
7
21
18
18
4
3
18
10
8
7
8
8
3
5
2
11
3
2
5
3
3
2
26
5
3
5
127
7
9
5
5
5
3
1
8
29
12
2
8
3
1
11
10
13
19
4
22
54
7
18
15
6
56
1
2
14
11
2
5
5
5
8
3
37
2
2
10
5
3
4
3
4
7
1
42
6
3
12
5
3
3
6
3
7
2
4
27
4
5
1
1
3
3
2
3
2
10
3
2
3
4
4
4
3
4
3
9
11
4
2
2
5
1
2
4
1
5
12
8
4
6
4
3
1
2
3
4
32
7
1
1
3
1
6
4
2
4
3
1
2
1
1
3
4
1
3
3
336
7
6
4
6
5
1
5
8
5
3
6
10
8
2
10
10
6
5
10
7
10
7
27
18
17
27
3
30
24
7
232
5
5
4
12
6
2
5
13
4
16
5
5
10
1
4
8
8
5
6
7
24
6
6
6
3
12
13
16
9
14
22
349
4
8
13
13
25
6
3
2
3
27
7
8
12
8
1
3
1
4
8
4
8
1
3
1
1
1
1
1
2
3
2
4
1
2
7
5
6
4
3
8
109
1
3
2
3
2
2
5
3
116
1
2
4
7
1
1
1
1
1
1
1
1
3
10
1
1
1
1
4
2
2
1
1
1
1
1
3
2
5
2
1
1
1
1
2
2
5
1
3
5
1
1
5
4
4
1
2
1
2
1
1
1
1
2
4
1
1
2
1
1
3
3
1
1
4
3
5
1
1
1
1
2
4
2
5
6
5
4
2
2
1
1
4
4
3
7
5
6
1
4
3
2
1
2
3
8
5
6
2
1
5
4
12
8
4
1
3
7
6
6
1
5
2
1
2
4
1
1
4
3
5
4
68
2
3
2
1
1
2
5
4
1
3
10
15
2
8
9
3
4
3
1
1
1
3
1
5
1
1
6
6
25
3
1
2
1
1
1
1
207
6
34
13
4
1
10
2
3
2
1
2
6
20
2
5
1
5
10
6
1
1
1
1
7
6
18
31
8
4
4
4
4
5
7
8
5
1