14
5
19
11
12
10
27
15
14
22
26
5
7
13
42
16
13
21
4
8
6
30
41
21
15
8
19
12
32
16
20
151
15
12
16
16
14
16
60
44
39
22
36
2
4
26
4
9
10
6
18
6
9
6
11
5
17
13
5
14
5
11
5
19
25
662
162
18
26
7
14
16
23
22
10
13
18
22
15
15
13
19
4
4
8
8
24
8
12
19
22
34
5
7
23
6
5
4
20
4
5
3
6
23
24
8
7
6
7
227
41
5
10
6
7
128
5
6
2
20
9
17
15
13
10
10
10
21
12
6
5
26
38
31
19
37
89
4
6
8
5
7
8
53
4
9
10
13
5
11
5
13
7
12
5
4
15
19
12
9
4
1
225
5
9
18
1
9
3
5
8
6
145
112
26
6
12
11
5
17
10
52
13
41
16
24
8
39
11
17
21
2
11
13
7
51
7
15
8
62
14
3
12
11
3
23
7
6
9
203
7
4
6
3
4
4
4
7
12
26
8
10
5
5
13
10
6
283
4
9
6
3
4
7
10
10
4
21
23
4
5
9
1
10
6
3
5
4
6