11
28
36
12
30
13
171
15
18
7
15
24
22
33
30
94
14
7
691
24
47
12
15
23
20
19
16
55
40
22
21
53
18
213
13
12
9
17
35
16
8
7
16
60
388
52
68
36
329
1058
209
157
14
5
19
12
12
10
28
15
14
22
26
5
7
13
42
17
14
21
5
9
6
31
42
21
16
18
9
20
12
33
17
21
152
15
12
17
16
15
16
61
44
40
23
36
3
4
26
5
9
10
7
18
6
9
6
11
24
5
21
10
8
6
3
17
5
5
17
13
15
5
17
46
23
14
17
7
12
6
6
14
5
10
11
5
19
26
663
163
18
27
8
15
16
23
23
10
13
19
22
15
16
10
4
22
11
13
20
4
4
5
8
8
24
9
13
20
23
34
6
7
23
7
5
4
21
5
6
4
7
23
24
8
7
6
7
227
173
41
6
10
7
7
88
129
5
6
3
20
10
17
15
13
11
11
10
22
12
7
6
26
38
31
19
37
89
13
8
5
8
13
4
6
8
6
7
9
54
4
9
11
13
6
12
6
13
8
12
5
5
15
20
13
9
5
2
225
6
9
4
6
5
19
2
10
4
5
8
7
145
113
26
6
13
12
6
17
10
53
13
41
17
24
9
40
11
18
22
3
11
13
8
52
7
14
26
10
204
21
41
15
94
8
8
2
7
5
8
123
8
8
10
16
15
5
4
16
3
9
63
15
4
12
11
13
12
4
5
20
12
6
6
5
4
52
23
7
6
10
204
8
5
5
7
4
4
4
4
5
8
12
26
9
10
6
6
14
10
6
283
13
34
33
44
396
23
14
10
5
5
107
51
25
16
10
2
3
12
25
20
345
6
7
21
13
78
28
18
14
17
38
38
17
52
6
30
21
9
7
3
4
7
10
6
2
8
16
4
6
7
13
3
3
23
12
19
8
6
15
7
22
10
12
17
21
11
9
11
41
21
789
16
5
9
5
4
8
14
16
21
16
6
17
9
6
3
8
9
14
4
4
7
15
10
4
11
12
6
12
27
4
5
22
12
11
8
13
17
102
16
16
43
11
14
20
17
4
10
9
7
90
11
4
31
25
52
29
17
38
235
27
23
9
8
9
7
7
29
14
39
44
19
14
19
28
6
3
4
4
5
5
2
7
8
15
13
22
4
12
3
4
9
10
22
8
8
3
27
26
55
11
11
9
253
42
42
20
2
8
8
8
5
7
196
6
9
2
5
16
6
5
6
6
3
5
1
2
2
3
6
4
5
2
15
9
17
9
6
7
2
17
6
42
14
25
272
10
18
15
10
4
18
6
7
28
2
3
5
3
3
5
2
4
3
6
3
5
7
4
5
5
5
5
1
7
6
4
7
10
16
8
13
22
32
31
10
559
7
12
21
8
6
6
21
4
4
5
4
12
21
4
4
4
8
22
23
4
5
3
7
6
3
3
7
8
6
15
11
14
4
9
1
4
10
16
9
17
23
7
5
63
9
30
35
29
5
16
6
9
5
7
13
10
22
4
7
6
18
183
13
41
11
8
3
10
7
9
5
9
59
10
8
15
4
13
6
15
5
72
9
8
3
6
2
4
13
2
11
15
5
3
16
11
4
5
4
14
7
4
11
109
12
20
4
5
4
23
35
12
8
8
15
6
2
3
8
12
21
10
17
13
15
16
6
7
7
26
4
6
12
11
28
11
6
7
8
6
12
16
2
5
10
10
9
6
12
65
7
6
5
3
13
5
9
30
23
9
2
2
2
20
2
3
2
2
11
13
4
4
4
3
3
1
9
6
7
6
7
3
5
11
7
9
30
8
6
8
10
3
17
7
6
6
10
8
3
8
10
2
347
6
5
2
2
3
4
5
4
11
21
13
7
6
1
3
2
4
6
3
15
9
15
7
20
4
7
15
39
11
7
8
16
4
2
76
11
6
13
11
10
11
3
6
5
5
17
5
7
178
5
5
16
9
14
7
4
6
7
6
3
6
15
24
18
5
21
9
19
6
5
3
6
2
20
2
2
2
15
11
6
23
1
11
14
241
12
3
6
3
4
13
20
2
4
5
50
489
5
15
12
18
43
18
18
13
39
4
5
7
14
5
6
13
22
17
42
13
6
13
32
9
13
3
8
13
26
7
13
7
17
19
8
199
5
6
10
16
11
8
12
26
2
3
3
5
14
2
6
9
4
12
9
15
4
8
412
22
6
104
13
4
3
4
2
1
19
10
24
8
2
5
3
5
6
4
4
3
3
2
3
16
129
6
9
14
6
4
7
3
3
7
6
3
8
5
5
19
2
2
5
9
4
14
4
3
3
7
11
2
5
6
7
5
7
3
4
7
77
3
3
17
6
8
4
7
10
2
4
13
16
2
3
4
9
6
8
2
2
2
2
12
5
4
2
2
3
2
2
3
3
2
22
4
2
7
2
1
13
5
81
6
3
9
3
2
6
4
8
6
7
56
4
6
5
12
5
3
434
51
14
6
5
4
13
16
6
7
7
2
3
29
17
27
15
2
2
2
3
798
4
11
19
13
2
6
3
2
12
2
9
3
32
9
3
7
11
6
14
22
2
8
2
16
6
4
4
2
4
5
16
4
10
8
5
151
17
10
6
3
12
7
21
9
22
4
24
4
16
1
3
6
3
2
8
58
6
10
2
9
5
17
2
6
7
2
3
286
23
7
19
17
4
4
14
3
1
2
6
2
4
3
3
1
1
1
3
2
2
11
9
2
6
2
2
2
3
5
15
4
2
4
2
2
5
10
4
8
3
10
3
8
3
10
7
7
4
6
2
10
109
6
4
13
4
3
12
16
4
12
6
4
5
2
2
3
4
4
4
3
19
14
12
8
41
6
39
2
1
6
12
8
11
31
25
13
4
53
3
3
3
79
8
6
2
1
31
11
34
14
18
219
4
1
6
6
1
2
3
1
2
1
3
2
1
10
3
5
1
3
2
2
2
3
3
2
3
13
6
4
9
9
2
2
3
4
2
4
5
8
1
4
4
10
3
4
2
8
5
8
2
5
12
7
4
6
3
3
6
2
3
2
11
5
16
2
2
6
22
10
6
3
6
14
246
2
6
3
5
3
20
2
3
3
9
2
3
6
7
6
4
10
6
8
4
9
4
3
3
3
2
2
2
75
4
7
28
24
5
14
16
6
2
3
6
13
44
78
3
9
3
3
129
6
3
12
5
1
6
1
4
1
2
1
1
1
1
1
2
3
8
33
14
5
1
4
4
3
9
24
57
6
8
9
4
13
5
1
1
2
2
3
6
2
6
4
20
7
16
2
3
7
4
4
5
25
19
9
25
29
27
18
15
11
7
24
25
148
22
18
87
380
19
10
41
6
3
12
6
9
40
11
12
6
13
10
7
4
6
14
2
3
3
33
11
37
41
5
2
6
22
4
1
2
4
5
25
21
7
26
4
16
88
5
2
20
8
19
63
34
15
18
21
3
31
6
7
5
2
21
12
5
2
10
26
197
7
7
8
8
8
1
2
6
9
4
3
6
5
14
5
8
7
7
2
36
5
2
3
3
1
2
4
5
4
6
22
8
43
34
28
8
20
8
6
4
12
10
6
6
7
37
77
22
20
528
9
14
3
8
14
9
43
43
11
24
11
65
10
22
7
51
19
11
14
3
4
4
2
8
23
2
4
8
1
1
1
3
3
7
5
3
30
169
10
16
13
13
29
43
5
2
2
2
10
2
1
11
3
3
6
6
5
7
2
1
2
4
3
2
3
9
2
17
2
5
4
16
13
8
10
65
4
13
8
16
14
7
19
3
8
13
3
7
14
3
19
6
17
5
4
27
30
164
13
15
2
5
7
14
33
28
21
4
24
19
9
11
15
14
2
10
9
7
2
2
7
10
1
1
5
5
4
1
2
7
13
1
11
1
19
5
5
5
9
2
15
20
7
4
9
13
1
2
10
11
917
12
8
6
8
6
5
9
2
7
11
5
2
4
13
5
14
1
31
10
9
2
5
7
22
19
19
12
7
5
11
7
4
23
4
13
5
3
5
7
14
8
8
3
2
1
3
6
9
275
26
206
235
19
10
46
6
5
4
11
6
14
7
17
4
15
3
3
10
17
14
56
17
43
12
7
16
12
22
4
12
4
14
33
407
3
13
15
57
5
13
4
9
21
14
111
4
6
4
7
8
3
9
15
16
8
5
61
21
5
8
5
4
10
1
10
38
4
3
18
15
10
8
5
2
11
3
2
7
8
8
4
6
2
11
4
3
5
3
3
34
204
3
3
26
5
4
5
128
8
10
6
6
5
4
2
9
29
12
2
9
4
2
11
10
14
19
4
22
55
8
19
15
7
56
1
2
14
12
3
5
6
5
8
3
38
3
3
10
6
4
5
4
5
8
2
42
6
3
12
5
4
3
6
4
7
3
4
27
4
6
2
2
4
3
3
3
2
10
3
2
3
5
4
4
4
5
4
9
12
4
2
3
5
1
2
4
2
6
12
9
5
6
4
4
2
3
3
4
33
8
2
1
3
1
6
4
3
4
3
1
2
2
1
3
5
1
3
4
337
8
6
4
6
6
2
6
8
6
4
6
11
9
3
10
11
6
5
11
8
10
7
3
6
7
3
4
2
28
20
7
5
83
22
4
6
2
8
16
6
8
8
17
8
9
2
20
12
9
10
15
6
5
5
245
8
7
4
10
4
11
3
7
12
7
7
17
5
3
12
15
9
8
4
2
4
2
9
10
14
2
7
3
4
7
16
7
8
7
5
10
9
8
10
10
7
19
7
7
13
8
12
400
9
6
8
11
11
5
12
6
5
4
3
8
10
8
10
3
6
9
5
2
4
13
11
6
4
4
3
9
6
16
3
8
5
7
11
12
23
8
9
6
18
18
28
4
31
25
7
233
5
5
5
13
7
2
6
14
5
17
6
6
11
2
5
9
9
6
6
7
24
6
7
6
3
12
45
14
8
5
18
3
6
10
6
18
5
4
17
10
15
23
350
5
8
13
14
25
7
3
3
3
27
8
8
13
8
2
4
1
5
8
5
9
1
3
1
1
1
2
2
3
3
2
4
2
3
7
5
7
5
4
8
110
2
4
2
3
3
2
5
4
117
1
3
5
7
1
1
1
2
1
1
1
1
4
11
1
1
1
1
4
3
2
1
1
1
1
1
3
2
6
3
1
1
2
1
3
3
6
2
3
5
1
1
6
4
5
2
2
1
3
2
1
1
1
2
5
1
1
2
2
1
3
4
1
1
4
4
5
2
2
2
1
2
4
2
5
7
5
5
2
3
1
2
5
5
4
7
6
6
2
5
4
2
2
3
4
9
6
7
2
1
5
4
13
8
5
2
4
7
6
6
2
5
2
2
2
4
2
1
4
4
5
5
68
2
3
2
2
1
3
5
4
1
3
77
11
7
18
5
15
39
15
12
5
13
94
9
7
7
6
3
4
7
10
45
5
10
2
7
10
9
3
5
4
3
5
2
4
3
3
60
2
2
7
4
3
6
5
6
3
5
3
3
2
2
3
5
11
16
3
5
3
4
8
3
6
4
4
4
2
3
4
3
9
10
3
4
3
2
1
1
2
4
1
6
2
1
6
6
25
4
1
2
1
1
2
1
208
6
34
13
4
2
11
2
3
2
1
2
6
21
3
5
1
4
4
5
7
7
9
4
5
4
8
12
10
20
3
6
10
6
2
1
1
1
7
6
18
32
8
6
5
2
6
4
14
3
8
4
4
9
9
2
3
11
7
2
5
6
4
5
3
13
4
4
5
5
3
24
54
19
28
78
20
14
7
22
32
10
18
4
20
39
19
28
25
36
250
53
44
57
23
6
28
29
9
8
12
10
12
157
15
5
5
24
70
20
34
53
16
10
23
8
15
32
9
34
8
29
29
20
22
17
47
23
80
18
15
14
9
13
41
94
7
39
21
7
75
28
7
14
11
14
9
14
14
19
114
20
11
41
12
9
14
9
8
4
3
7
6
16
7
6
15
9
18
816
11
31
27
20
5
17
8
29
15
10
19
4
9
7
59
11
4
4
13
7
10
4
16
11
17
5
39
10
13
15
7
13
9
34
41
28
4
26
19
7
76
47
10
10
11
2
3
44
9
2
6
7
7
2
4
13
3
9
573
2
2
12
12
15
5
3
5
11
5
9
17
14
11
11
7
5
13
11
284
11
10
7
21
38
4
31
8
15
3
2
19
3
6
10
3
6
5
2
2
6
2
1
2
1
7
6
9
1
2
6
3
1
8
2
5
14
5
6
16
6
3
8
12
13
4
5
3
13
9
196
6
2
19
3
2
4
7
4
7
5
18
320
3
13
10
76
7
12
14
7
10
5
5
14
3
4
10
16
23
5
24
8
3
6
1
3
1
1
2
3
3
10
14
3
2
2
4
11
2
2
5
16
2
9
6
4
16
3
1
5
3
7
8
67
17
2
10
2
3
2
1
3
1
5
17
29
3
2
2
3
17
10
37
7
5
4
2
115
5
12
1
6
6
10
5
15
4
5
7
2
3
2
6
6
8
3
7
233
25
12
7
257
17
253
5
12
4
6
8
9
5
1
6
4
15
14
142
3
5
4
7
24
15
29
193
366
199
328
12
7