24
54
18
28
78
20
13
6
21
32
10
17
4
20
39
18
27
24
36
249
52
44
56
22
5
27
28
8
8
11
10
12
157
14
5
5
23
69
19
33
52
16
10
23
8
14
32
9
34
8
29
28
20
22
17
47
22
79
17
14
14
8
13
40
94
7
38
21
7
75
28
7
13
10
14
8
13
14
18
113
19
10
41
12
8
14
9
8
4
2
7
6
16
7
5
14
8
18
815
10
30
27
20
4
16
7
29
15
10
18
4
8
6
59
11
4
4
12
7
9
3
15
10
16
4
38
10
12
14
7
13
8
34
40
27
4
26
18
7
76
47
9
9
11
2
2
44
9
2
5
7
6
1
4
13
3
8
573
1
2
12
12
14
5
3
5
11
4
8
16
14
10
10
7
4
12
11
284
11
10
6
21
38
4
31
8
15
3
1
18
3
5
10
2
6
5
1
1
6
1
1
2
1
6
6
8
1
2
6
3
1
8
2
5
13
5
5
16
5
3
8
11
12
4
4
2
12
8
196
6
2
18
3
2
3
6
4
6
4
18
319
2
12
10
76
6
12
14
7
10
5
5
14
2
4
10
15
22
5
24
7
2
5
1
2
1
1
2
3
2
9
13
2
1
1
3
11
2
2
4
15
1
9
5
3
15
2
1
5
7
8
67
16
2
10
1
2
2
1
2
1
5
16
29
3
1
2
3
16
9
37
7
4
4
1