14
25
10
204
21
40
14
93
7
8
2
6
5
8
123
7
7
9
15
5
4
16
2
13
12
5
20
12
6
6
4
4
51
4
4
13
8
9
22
8
8
3
26
25
54
10
11
8
252
41
42
20
2
8
8
8
4
7
195
6
8
1
5
15
5
4
5
5
2
5
1
1
1
3
5
3
4
1
14
9
17
8
5
6
2
16
5
41
6
27
1
2
4
2
2
5
1
6
2
4
7
4
4
5
4
5
1
6
5
4
7
9
16
8
12
22
31
31
10
558
7
12
2
6
5
2
2
7
7
6
15
10
14
3
9
1
3
9
16
8
17
22
7
4
63
9
30
34
28
4
15
5
8
4
7
13
9
21
4
7
5
17
182
12
40
10
7
2
10
7
9
5
9
59
9
177
15
24
17
4
20
9
18
5
5
1
20
2
1
2
15
11
6
22
1
10
13
240
5
3
3
12
19
2
4
4
49
489
5
15
12
17
43
18
18
12
39
3
5
7
14
5
6
12
21
16
41
13
6
13
32
9
12
3
7
12
26
6
12
6
17
18
7
5
5
16
11
7
12
25
2
2
3
5
14
1
5
8
4
12
9
14
3
7
412
22
6
8
11
9
1
5
115
4
12
1