10
26
35
11
27
10
178
14
16
6
15
22
19
31
28
81
10
6
701
13
30
9
10
16
14
9
8
47
16
19
15
47
12
211
10
11
8
16
34
15
8
7
16
50
448
39
66
21
329
1173
198
156
13
5
18
11
12
10
26
13
12
20
26
5
6
12
40
15
12
20
5
9
7
31
42
21
15
16
9
20
12
32
16
19
164
14
12
16
16
14
15
61
42
39
21
35
2
4
25
3
7
9
4
17
6
8
6
9
21
4
17
9
7
5
3
14
4
5
16
13
13
5
14
43
20
14
16
8
10
6
5
14
5
9
12
5
19
24
703
175
17
26
7
14
15
23
18
8
12
18
21
13
13
9
3
21
11
12
18
4
4
4
7
7
21
6
10
19
20
33
6
7
23
7
6
4
17
4
5
3
7
22
20
8
7
6
7
238
147
39
6
9
7
8
86
122
5
6
2
19
8
17
14
10
9
8
10
22
12
6
5
26
38
31
20
39
92
13
9
5
8
14
4
6
8
6
7
9
51
4
9
10
12
5
11
6
11
8
11
5
5
13
19
13
9
4
2
236
5
8
4
6
5
18
2
9
4
5
7
6
151
115
26
6
12
11
6
17
10
53
13
42
16
24
8
39
11
17
21
3
12
12
7
51
6
14
25
9
214
21
36
15
103
7
7
2
7
6
8
132
8
8
10
17
16
6
4
18
3
9
63
14
4
12
10
13
13
4
5
21
11
6
6
5
4
56
23
8
7
9
213
8
5
4
6
3
5
4
4
5
7
14
26
9
10
6
6
13
9
5
307
13
34
32
44
423
23
13
10
6
3
109
51
27
15
10
2
3
12
26
18
374
6
8
23
13
82
27
19
15
16
39
38
18
52
6
32
22
9
6
3
4
7
10
6
3
8
17
4
5
6
14
3
3
22
12
19
8
7
16
7
22
10
11
17
20
10
8
10
39
19
873
16
5
9
6
4
9
13
15
20
16
5
17
9
6
3
7
9
13
4
4
7
12
8
4
11
12
4
12
18
4
5
22
13
12
9
13
17
105
16
16
43
11
14
19
18
3
10
10
7
95
11
4
32
23
52
29
16
37
246
26
22
9
8
10
6
6
27
13
35
44
20
14
18
25
6
3
4
3
4
5
2
7
8
14
13
21
3
12
3
4
8
10
21
8
8
4
27
25
55
11
12
9
260
38
45
20
2
9
8
8
5
6
210
6
8
2
5
16
6
5
6
5
3
6
1
2
2
3
5
4
5
2
15
9
17
8
6
7
2
16
6
44
14
25
290
9
18
13
10
4
18
6
7
28
2
3
5
3
3
6
2
4
3
6
3
5
8
4
5
5
5
5
1
7
6
4
7
10
16
8
11
20
26
28
10
579
7
10
20
8
6
7
21
3
4
6
4
12
21
4
4
4
7
21
19
4
6
3
6
6
3
3
7
7
5
14
11
14
4
10
1
4
8
16
8
17
21
6
4
62
7
29
36
29
4
15
5
9
5
9
15
10
22
4
7
6
18
189
12
42
11
8
3
11
7
9
5
10
61
9
10
15
4
15
6
15
6
76
9
7
3
6
3
5
14
2
13
15
5
3
16
11
5
5
4
13
8
5
11
118
12
20
5
5
4
24
36
13
8
8
15
6
2
4
8
12
23
10
18
13
14
17
6
8
8
27
4
5
12
11
29
11
6
7
8
6
13
16
2
5
11
11
8
7
14
66
7
6
5
4
14
4
7
30
24
9
2
3
2
22
2
3
3
2
11
13
5
4
4
3
3
1
9
6
7
5
8
4
5
11
7
9
30
9
6
9
10
3
17
6
6
6
10
9
3
8
9
2
366
5
5
2
2
3
4
5
4
11
21
14
7
6
1
3
3
3
6
3
15
9
15
7
20
5
8
15
44
11
7
8
16
5
3
76
12
6
13
11
11
12
4
7
5
6
17
5
7
181
5
5
15
8
13
8
4
6
7
7
3
6
11
22
18
4
20
10
19
6
5
3
7
2
20
2
2
2
15
11
7
25
1
11
13
250
11
3
7
3
4
13
19
3
5
4
51
531
4
15
9
17
45
18
19
11
38
4
5
7
13
5
6
13
19
15
39
13
6
12
32
9
13
3
8
13
27
7
13
7
17
19
8
200
5
6
9
16
10
7
12
27
2
3
3
5
14
2
6
8
4
11
10
15
4
7
428
22
6
109
13
4
3
4
3
1
18
10
22
8
2
5
4
6
5
4
4
3
3
2
3
15
141
5
9
14
6
4
8
4
3
7
6
3
7
5
6
20
2
2
5
9
4
14
4
3
3
6
11
2
5
6
6
5
6
3
5
7
81
4
4
18
7
9
4
8
9
2
4
13
15
3
3
4
10
7
9
2
2
2
2
10
5
4
2
2
3
2
2
3
3
2
2
3
2
7
2
1
12
5
80
5
4
10
2
2
5
3
6
5
6
59
5
6
5
12
4
4
438
47
12
6
4
4
11
15
4
6
7
2
3
26
17
27
14
2
2
2
2
831
4
9
17
9
1
6
3
2
12
21
10
2
31
9
2
6
10
6
14
21
2
9
2
16
5
4
4
2
4
5
14
4
10
8
6
152
17
11
7
3
13
7
21
9
21
4
24
4
15
1
3
6
3
2
8
61
5
10
1
9
5
16
3
6
7
3
3
284
24
7
18
17
3
3
15
3
1
2
6
2
5
4
3
1
1
1
3
1
2
11
9
3
6
2
2
2
3
6
14
3
2
3
2
2
4
10
3
8
3
10
3
7
3
10
6
7
3
6
2
9
102
6
3
12
4
3
10
16
4
12
6
4
6
1
2
4
4
5
4
4
18
14
12
8
43
6
39
3
1
6
12
8
11
33
25
12
4
51
3
3
4
83
8
7
2
2
32
13
33
14
18
229
4
2
6
5
1
3
2
1
2
1
3
2
2
10
1
2
2
2
2
3
4
2
3
12
5
4
9
9
2
2
3
4
2
4
4
7
1
4
3
10
3
3
3
7
5
9
2
6
12
8
4
6
3
3
6
2
3
2
9
5
14
2
3
5
23
9
5
2
6
13
251
2
4
3
4
2
18
2
3
3
7
2
3
4
7
6
4
10
7
8
5
8
4
3
3
2
3
2
2
82
4
31
27
4
15
16
13
43
76
3
8
3
3
135
6
3
11
5
1
5
1
5
1
2
1
1
1
1
1
2
3
7
33
13
5
1
4
4
4
8
8
13
10
22
4
7
3
9
9
2
3
10
7
1
5
6
4
5
3
14
3
28
50
18
27
79
21
13
6
23
33
10
16
4
21
41
20
31
26
34
267
51
43
56
23
6
27
29
9
9
10
10
12
166
14
5
5
23
70
21
32
49
15
10
22
8
14
32
8
31
7
28
27
19
20
15
42
20
82
15
13
14
8
13
41
96
6
36
20
6
75
25
7
13
10
13
8
13
13
20
116
19
10
41
12
8
14
9
8
4
3
7
5
15
6
5
15
8
19
854
9
28
25
20
5
16
7
27
13
10
18
4
9
7
61
11
4
4
13
8
10
4
15
10
16
5
34
10
13
13
7
12
9
34
41
29
4
27
19
5
73
47
8
9
11
2
3
45
8
2
6
7
7
2
4
13
3
6
602
1
2
12
11
13
5
3
5
11
4
8
18
15
8
10
6
4
13
11
305
9
10
6
22
39
5
30
8
15
3
2
18
3
5
9
3
4
5
2
2
7
2
1
2
1
6
6
9
1
3
6
3
1
8
2
5
14
5
6
16
6
3
7
12
14
4
5
2
13
9
200
6
3
18
3
3
4
7
4
6
5
19
331
3
13
9
83
7
12
14
6
5
4
5
14
3
5
11
17
25
5
24
8
3
6
1
2
1
1
2
3
3
9
14
3
1
2
3
10
2
2
5
15
2
9
5
3
15
3
2
5
3
8
9
71
17
3
10
2
3
2
1
3
1
5
17
31
2
2
2
3
18
10
34
6
4
4
2
124
5
13
1
6
6
8
4
15
4
5
7
2
3
2
7
4
15
14
157
4
5
5
7
22
12
20
184
375
202
352
9
7