1
4
9
8
6
12
65
6
5
4
3
13
4
8
30
22
8
1
2
1
2
2
3
1
9
76
11
5
12
7
4
5
16
8
13
7
3
6
7
6
2
6
4
2
11
2
199
9
104
12
4
3
4
2
1
19
10
23
8
1
4
3
5
5
4
3
2
2
1
3
16
129
5
9
13
6
4
7
3
2
6
5
2
7
5
5
19
2
1
4
8
4
14
4
2
2
6
11
1
4
6
6
5
7
2
4
6
3
7
9
1
3
12
15
2
3
3
9
6
8
1
2
1
1
11
4
3
2
1
2
2
2
3
3
1
22
3
2
6
1
1
12
5
80
5
9
2
2
5
4
7
6
6
56
4
6
4
12
4
3
433
51
13
6
4
4
13
15
5
7
7
2
3
28
17
26
14
2
2
1
2
798
4
11
18
12
2
6
2
2
12
1
9
2
32
9
2
6
11
5
13
21
1
8
1
16
5
4
4
2
4
4
15
4
9
7
5
151
17
10
6
3
12
6
21
9
22
3
24
4
15
1
2
6
3
1
8
58
5
10
1
9
4
16
2
5
7
2
2
285
22
7
19
17
3
3
14
2
1
1
6
1
4
3
2
1
1
1
2
1
2
10
8
2
5
2
2
1
3
5
15
3
2
3
1
2
5
9
3
8
3
10
2
7
3
9
7
6
3
5
2
9
108
6
3
12
3
2
11
16
3
11
6
4
5
1
1
3
4
4
3
3
18
14
12
8
41
6
39
2
1
5
12
7
10
30
25
12
4
52
2
2
3
78
7
6
1
1
30
10
33
14
18
218
3
1
6
5
1
2
2
1
2
1
2
1
1
10
1
2
2
2
1
2
3
2
3
12
5
3
9
9
2
2
2
3
1
4
4
8
1
3
3
10
2
3
2
7
4
8
2
5
12
7
3
5
3
3
5
2
2
2
10
5
16
1
2
5
22
9
6
2
6
13
245
2
5
2
4
2
19
1
3
3
8
2
2
5
7
5
4
10
6
7
4
8
4
2
3
2
2
1
2
75
4
28
23
4
13
15
13
43
77
2
9
2
3
128
5
3
12
4
1
5
1
4
1
1
1
1
1
1
1
1
3
8
32
13
5
1
4
4
3
9
3
7
3
9
6
3
4
2
13
2
3
5
10
5
15
4
5
6
2
3
2