17
12
8
5
7
13
4
5
5
33
33
43
396
23
14
9
5
107
51
24
15
10
2
2
12
24
19
345
6
7
20
12
77
27
18
14
16
37
37
17
51
6
30
21
6
2
7
15
4
5
6
13
3
2
22
11
19
8
6
15
6
22
10
11
17
21
8
10
41
21
789
16
4
9
5
4
7
13
16
20
16
5
17
8
5
2
8
8
13
4
3
7
14
9
4
11
12
6
11
26
4
5
21
11
11
8
12
16
102
15
16
43
10
13
19
16
4
9
9
7
90
11
4
30
24
52
29
17
37
234
27
22
9
8
9
6
7
29
13
39
43
19
13
19
28
5
2
3
3
5
2
7
8
14
12
22
3
11
3
3
13
25
271
10
18
14
10
4
17
6
3
3
20
7
5
6
20
3
3
5
3
12
20
3
3
3
7
8
14
3
13
6
15
5
72
9
7
2
5
2
4
13
2
11
15
4
2
15
10
4
4
4
14
7
4
11
109
12
19
4
5
4
22
34
12
7
7
15
5
1
3
7
11
21
10
17
12
14
16
5
7
6
26
3
5
12
10
28
10
5
7
8
5
12
15
9
1
20
2
1
11
13
4
3
3
5
6
5
7
3
5
10
7
9
29
8
5
8
10
3
17
6
5
6
9
8
2
8
10
2
346
5
4
2
2
2
3
5
3
10
20
12
6
5
1
2
2
4
6
3
14
8
15
7
20
4
7
14
38
10
7
8
15
4
2
11
10
11
3
6
4
5
17
5
76
3
16
6
8
3
3
19
2
5
6
3
14
14
142
7